Mod4.0:SYMBOLICC 
         1
4 Cube          2          1
       328
       265         5        11         2        16         1    2         0         0
       266         5         2         3        63         2    3         0         0
       267         5         3         4         7         3    4         0         0
       268         5         4         1         8         4    1         0         0
       269         4        16        66        92        41   39         0         0
       270        14         2        26        78        42   40         0         0
       271         2         3         2        79        43    3         0         0
       272         3         4         3        80        44    4         0         0
       273         0       176        34       324         5    6         0         0
       274         0       175         7       323         6    7         0         0
       275         0        45         8       322         7    8         0         0
       276         0       177         5       321         8    5         0         0
       277         0        26         2        47         1    2         0         0
       278        11         8         1        57        27    2         0         0
       279         0        37        16        69        11   12         0         0
       280        11        10        39        64         1   28         0         0
       281         0        23         4        48         5    1         0         0
       282         0        25        10        50         2    6         0         0
       283         0        33        14        70        15   11         0         0
       284         0        36        24        72        12   16         0         0
       285         0        24        12        49         6    5         0         0
       286         8        12        63        58        36   37         0         0
       287         0        35        22        71        16   15         0         0
       288        10        12        56        65        38   35         0         0
       289         0        16         2        28         1    2         0         0
       290        17        14        68        43        33   40         0         0
       291         0        40        28        73        19   20         0         0
       292        17        16        51         5        39   34         0         0
       293         0        13         4        29         5    1         0         0
       294         0        15        10        31         2    6         0         0
       295         0        34        26        74        23   19         0         0
       296         0        39        36        76        20   24         0         0
       297         0        14        12        30         6    5         0         0
       298         0        18         6       325        31   42         0         0
       299         0        38        34        75        24   23         0         0
       300         0       179        44        92        41   32         0         0
       301        23        19        38        41        25   26         0         0
       302        23        20        39        42        26   27         0         0
       303        23        11        40        14        27   28         0         0
       304        23        22        37        56        28   25         0         0
       305        22        19        40       113        65   25         0         0
       306        19        20        37       114        66   26         0         0
       307        20        14        49        90        67   33         0         0
       308        16        22        28       116        68   34         0         0
       309         0       180        42       328        29   30         0         0
       310         0        63        43       327        30   67         0         0
       311         0       178        46       326        32   31         0         0
       312         0       181        41       116        68   29         0         0
       313        20        21        57        51        33   36         0         0
       314        21        22        58        44        34   35         0         0
       315        21        17        50        26        33   34         0         0
       316         0         4        27         4         1   18         0         0
       317         0         6        20        12         5   16         0         0
       318         0         2        23        10         6   15         0         0
       319         0         5        19         2         2   17         0         0
       320        10        22        16        50        35   28         0         0
       321        20         8        38        22        36   27         0         0
       322        21        12        49        24        35   36         0         0
       323         0         4        27         4         1   20         0         0
       324         0         6        44        12         5   27         0         0
       325         0         2        46        10         6   28         0         0
       326         0         5        45         2         2   19         0         0
       327         8         2        14        67        37    2         0         0
       328         4        10         4        24        38    1         0         0
       329         1        12        66        22        37   38         0         0
       330         4         1        64        68        39   38         0         0
       331         1         2        65         6        40   37         0         0
       332         1        17        67        28        39   40         0         0
       333         0         8         1        14        11    2         0         0
       334         0        12        63        22        15   37         0         0
       335         0        10        65        24        16   38         0         0
       336         0        11        64        16        12    1         0         0
       337         0        14        68        26        19   40         0         0
       338         0        18         6        34        23    6         0         0
       339         0        16         9        36        24    5         0         0
       340         0        17         5        28        20   39         0         0
       189         0        51        34        92        41   42         0         0
       190         2        42         7       139        42   43         0         0
       191         3        43         8        83        43   44         0         0
       192         4        44         5        84        44   41         0         0
       193        44        56       142       168        81   79         0         0
       194        54        42       102       154        82   80         0         0
       195        42        43        78       155        83   43         0         0
       196        43        44        79       156        84   44         0         0
       197         0       129        34       240         5    6         0         0
       198         0       128         7       239         6    7         0         0
       199         0        45         8       238         7    8         0         0
       200         0       130         5       237         8    5         0         0
       201         0        26         2        47         1    2         0         0
       202        14        48         6       133        67   42         0         0
       203         0        37        16        69        11   12         0         0
       204        16        50        44       140        41   68         0         0
       205         0        23         4        48         5    1         0         0
       206         0        25        10        50         2    6         0         0
       207         0        33        14        70        15   11         0         0
       208         0        36        24        72        12   16         0         0
       209         0        24        12        49         6    5         0         0
       210        48        52       139       134        76   77         0         0
       211         0        35        22        71        16   15         0         0
       212        50        52       132       141        78   75         0         0
       213         0        16         2        28         1    2         0         0
       214        57        54       144       119        73   80         0         0
       215         0        40        28        73        19   20         0         0
       216        57        56       127        81        79   74         0         0
       217         0        13         4        29         5    1         0         0
       218         0        15        10        31         2    6         0         0
       219         0        34        26        74        23   19         0         0
       220         0        39        36        76        20   24         0         0
       221         0        14        12        30         6    5         0         0
       222         0        18         6       241        31   42         0         0
       223         0        38        34        75        24   23         0         0
       224         0       132        44        92        41   32         0         0
       225        19        59        42       117        65   66         0         0
       226        20        60        43       118        66   67         0         0
       227         0        24       116        46        67   68         0         0
       228        22        62        41       132        68   65         0         0
       229        62        59       116       189       105   65         0         0
       230        59        60       113       190       106   66         0         0
       231        60        54       125       166       107   73         0         0
       232        56        62       104       192       108   74         0         0
       233         0       133        42       244        29   30         0         0
       234         0        63        43       243        30   67         0         0
       235         0       131        46       242        32   31         0         0
       236         0       134        41       116        68   29         0         0
       237        60        61       133       127        73   76         0         0
       238        61        62       134       120        74   75         0         0
       239        61        57       126       102        73   74         0         0
       240         0         4        27         4         1   18         0         0
       241         0         6        20        12         5   16         0         0
       242         0         2        23        10         6   15         0         0
       243         0         5        19         2         2   17         0         0
       244        50        62        92       126        75   68         0         0
       245        60        48       114        98        76   67         0         0
       246        61        52       125       100        75   76         0         0
       247         0         4        27         4         1   20         0         0
       248         0         6        44        12         5   27         0         0
       249         0         2        46        10         6   28         0         0
       250         0         5        45         2         2   19         0         0
       251        48        42        90       143        77   42         0         0
       252        44        50        80       100        78   41         0         0
       253        41        52       142        98        77   78         0         0
       254        44        41       140       144        79   78         0         0
       255        41        42       141        82        80   77         0         0
       256        41        57       143       104        79   80         0         0
       257         0         8         1        14        11    2         0         0
       258         0        12        63        22        15   37         0         0
       259         0        10        65        24        16   38         0         0
       260         0        11        64        16        12    1         0         0
       261         0        14        68        26        19   40         0         0
       262         0        18         6        34        23    6         0         0
       263         0        16         9        36        24    5         0         0
       264         0        17         5        28        20   39         0         0
       113         0        51        34        92        41   42         0         0
       114        42        82        83       215        82   83         0         0
       115        43        83        84       159        83   84         0         0
       116        44        84        81       160        84   81         0         0
       117        84        96       218       244       121  119         0         0
       118        94        82       178       230       122  120         0         0
       119        82        83       154       231       123   83         0         0
       120        83        84       155       232       124   84         0         0
       121         0        82        34       156         5    6         0         0
       122         0        81         7       155         6    7         0         0
       123         0        45         8       154         7    8         0         0
       124         0        83         5       153         8    5         0         0
       125         0        26         2        47         1    2         0         0
       126        54        88        82       209       107   82         0         0
       127         0        37        16        69        11   12         0         0
       128        56        90       120       216        81  108         0         0
       129         0        23         4        48         5    1         0         0
       130         0        25        10        50         2    6         0         0
       131         0        33        14        70        15   11         0         0
       132         0        36        24        72        12   16         0         0
       133         0        24        12        49         6    5         0         0
       134        88        92       215       210       116  117         0         0
       135         0        35        22        71        16   15         0         0
       136        90        92       208       217       118  115         0         0
       137         0        16         2        28         1    2         0         0
       138        97        94       220       195       113  120         0         0
       139         0        40        28        73        19   20         0         0
       140        97        96       203       157       119  114         0         0
       141         0        13         4        29         5    1         0         0
       142         0        15        10        31         2    6         0         0
       143         0        34        26        74        23   19         0         0
       144         0        39        36        76        20   24         0         0
       145         0        14        12        30         6    5         0         0
       146         0        18         6       157        31   42         0         0
       147         0        38        34        75        24   23         0         0
       148         0        85        44        92        41   32         0         0
       149        59        99       118       193       105  106         0         0
       150        60       100       119       194       106  107         0         0
       151         0        24       116        46        67   68         0         0
       152        62       102       117       208       108  105         0         0
       153       102        99       192       265       145  105         0         0
       154        99       100       189       266       146  106         0         0
       155       100        94       201       242       147  113         0         0
       156        96       102       180       268       148  114         0         0
       157         0        86        42       160        29   30         0         0
       158         0        63        43       159        30   67         0         0
       159         0        84        46       158        32   31         0         0
       160         0        87        41       116        68   29         0         0
       161       100       101       209       203       113  116         0         0
       162       101       102       210       196       114  115         0         0
       163       101        97       202       178       113  114         0         0
       164         0         4        27         4         1   18         0         0
       165         0         6        20        12         5   16         0         0
       166         0         2        23        10         6   15         0         0
       167         0         5        19         2         2   17         0         0
       168        90       102       168       202       115  108         0         0
       169       100        88       190       174       116  107         0         0
       170       101        92       201       176       115  116         0         0
       171         0         4        27         4         1   20         0         0
       172         0         6        44        12         5   27         0         0
       173         0         2        46        10         6   28         0         0
       174         0         5        45         2         2   19         0         0
       175        88        82       166       219       117   82         0         0
       176        84        90       156       176       118   81         0         0
       177        81        92       218       174       117  118         0         0
       178        84        81       216       220       119  118         0         0
       179        81        82       217       158       120  117         0         0
       180        81        97       219       180       119  120         0         0
       181         0         8         1        14        11    2         0         0
       182         0        12        63        22        15   37         0         0
       183         0        10        65        24        16   38         0         0
       184         0        11        64        16        12    1         0         0
       185         0        14        68        26        19   40         0         0
       186         0        18         6        34        23    6         0         0
       187         0        16         9        36        24    5         0         0
       188         0        17         5        28        20   39         0         0
        49         0        51        34        92        41   42         0         0
        50        82       122       159       291       122  123         0         0
        51        83       123       160       235       123  124         0         0
        52        84       124       157       236       124  121         0         0
        53       124       136       294       264       125  159         0         0
        54       134       122       254       238       126  160         0         0
        55       122       123       230       239       127  123         0         0
        56       123       124       231       240       128  124         0         0
        57       138       126       262       240       125  126         0         0
        58       122       126       235       237       126  127         0         0
        59       123       126       236       238       127  128         0         0
        60       124       126       233       239       128  125         0         0
        73         0        26         2        47         1    2         0         0
        74        94       128       158       285       147  122         0         0
        75         0        37        16        69        11   12         0         0
        76        96       130       196       292       121  148         0         0
        77         0        23         4        48         5    1         0         0
        78         0        25        10        50         2    6         0         0
        79         0        33        14        70        15   11         0         0
        80         0        36        24        72        12   16         0         0
        81         0        24        12        49         6    5         0         0
        82       128       132       291       286       156  157         0         0
        83         0        35        22        71        16   15         0         0
        84       130       132       284       293       158  155         0         0
        61         0        16         2        28         1    2         0         0
        62       137       134       296       271       153  160         0         0
        63         0        40        28        73        19   20         0         0
        64       137       136       279       233       159  154         0         0
        65         0        13         4        29         5    1         0         0
        66         0        15        10        31         2    6         0         0
        67         0        34        26        74        23   19         0         0
        68         0        39        36        76        20   24         0         0
        69         0        14        12        30         6    5         0         0
        70       134       138       234       275       151  126         0         0
        71         0        38        34        75        24   23         0         0
        72       136       138       272       237       125  152         0         0
        37        99       139       194       269       145  146         0         0
        38       100       140       195       270       146  147         0         0
        39         0        24       116        46        67   68         0         0
        40       102       142       193       284       148  145         0         0
        41       142       139       268       273       149  145         0         0
        42       139       140       265       274       150  146         0         0
        43       140       134       277       262       151  153         0         0
        44       136       142       256       276       152  154         0         0
        45       139       144       270       276       149  150         0         0
        46       140       144       271       273       150  151         0         0
        47       138       144       264       274       151  152         0         0
        48       142       144       269       275       152  149         0         0
        85       140       141       285       279       153  156         0         0
        86       141       142       286       272       154  155         0         0
        87       141       137       278       254       153  154         0         0
        88         0         4        27         4         1   18         0         0
        89         0         6        20        12         5   16         0         0
        90         0         2        23        10         6   15         0         0
        91         0         5        19         2         2   17         0         0
        92       130       142       244       278       155  148         0         0
        93       140       128       266       250       156  147         0         0
        94       141       132       277       252       155  156         0         0
        95         0         4        27         4         1   20         0         0
        96         0         6        44        12         5   27         0         0
        97         0         2        46        10         6   28         0         0
        98         0         5        45         2         2   19         0         0
        99       128       122       242       295       157  122         0         0
       100       124       130       232       252       158  121         0         0
       101       121       132       294       250       157  158         0         0
       102       124       121       292       296       159  158         0         0
       103       121       122       293       234       160  157         0         0
       104       121       137       295       256       159  160         0         0
       105         0         8         1        14        11    2         0         0
       106         0        12        63        22        15   37         0         0
       107         0        10        65        24        16   38         0         0
       108         0        11        64        16        12    1         0         0
       109         0        14        68        26        19   40         0         0
       110         0        18         6        34        23    6         0         0
       111         0        16         9        36        24    5         0         0
       112         0        17         5        28        20   39         0         0
       341         0         3        80         8         8   44         0         0
       342         0         2        79         7         7   43         0         0
       343         0        14        78       155         6   42         0         0
       344         0         4        77       156         5   41         0         0
       345         0        20        90       157        31   67         0         0
       346         0        16       115       158        32   68         0         0
       347         0        19       114        42        30   66         0         0
       348         0        22       113        41        29   65         0         0
       349         0         3        80         8         8   44         0         0
       350         0         2        79         7         7   43         0         0
       351         0        14        78       239         6   42         0         0
       352         0         4        77       240         5   41         0         0
       353         0        20        90       241        31   67         0         0
       354         0        16       115       242        32   68         0         0
       355         0        19       114        42        30   66         0         0
       356         0        22       113        41        29   65         0         0
       357         0         3        80         8         8   44         0         0
       358         0         2        79         7         7   43         0         0
       359         0        14        78       323         6   42         0         0
       360         0         4        77       324         5   41         0         0
       361         0        20        90       325        31   67         0         0
       362         0        16       115       326        32   68         0         0
       363         0        19       114        42        30   66         0         0
       364         0        22       113        41        29   65         0         0
       181
       135        68    0         0         0
       136         6    0         0         0
       137         8    0         0         0
       138         5    0         0         0
       139         1    0         0         0
       140         0    0         0         0
       141         0    0         0         0
       142        14    0         0         0
       143         0    0         0         0
       144        24    0         0         0
       145        16    0         0         0
       146        22    0         0         0
       147         0    0         0         0
       148        43    0         0         0
       149         0    0         0         0
       150        44    0         0         0
       151        28    0         0         0
       152         0    0         0         0
       153        42    0         0         0
       154        43    0         0         0
       155        58    0         0         0
       156        41    0         0         0
       157        37    0         0         0
       158         0    0         0         0
       159         0    0         0         0
       160         0    0         0         0
       161         0    0         0         0
       162         0    0         0         0
       163         0    0         0         0
       164         0    0         0         0
       165         0    0         0         0
       166         0    0         0         0
       167         0    0         0         0
       168         0    0         0         0
       169         0    0         0         0
       170         0    0         0         0
       171         0    0         0         0
       172         0    0         0         0
       173         0    0         0         0
       174         0    0         0         0
        95       144    0         0         0
        96        82    0         0         0
        97        84    0         0         0
        98        81    0         0         0
        99         0    0         0         0
       100         0    0         0         0
       101         0    0         0         0
       102        90    0         0         0
       103         0    0         0         0
       104       100    0         0         0
       105         0    0         0         0
       106        98    0         0         0
       107         0    0         0         0
       108       119    0         0         0
       109         0    0         0         0
       110       120    0         0         0
       111       104    0         0         0
       112         0    0         0         0
       113       118    0         0         0
       114       119    0         0         0
       115       134    0         0         0
       116       117    0         0         0
       117         0    0         0         0
       118         0    0         0         0
       119         0    0         0         0
       120         0    0         0         0
       121         0    0         0         0
       122         0    0         0         0
       123         0    0         0         0
       124         0    0         0         0
       125         0    0         0         0
       126         0    0         0         0
       127         0    0         0         0
       128         0    0         0         0
       129         0    0         0         0
       130         0    0         0         0
       131         0    0         0         0
       132         0    0         0         0
       133         0    0         0         0
       134         0    0         0         0
        55       220    0         0         0
        56       158    0         0         0
        57       160    0         0         0
        58       157    0         0         0
        59         0    0         0         0
        60         0    0         0         0
        61         0    0         0         0
        62       166    0         0         0
        63         0    0         0         0
        64       176    0         0         0
        65         0    0         0         0
        66       174    0         0         0
        67         0    0         0         0
        68       195    0         0         0
        69         0    0         0         0
        70       196    0         0         0
        71       180    0         0         0
        72         0    0         0         0
        73       194    0         0         0
        74       195    0         0         0
        75       210    0         0         0
        76       193    0         0         0
        77         0    0         0         0
        78         0    0         0         0
        79         0    0         0         0
        80         0    0         0         0
        81         0    0         0         0
        82         0    0         0         0
        83         0    0         0         0
        84         0    0         0         0
        85         0    0         0         0
        86         0    0         0         0
        87         0    0         0         0
        88         0    0         0         0
        89         0    0         0         0
        90         0    0         0         0
        91         0    0         0         0
        92         0    0         0         0
        93         0    0         0         0
        94         0    0         0         0
        21       296    0         0         0
        22       230    0         0         0
        23       231    0         0         0
        24       232    0         0         0
        25         0    0         0         0
        26       240    0         0         0
        33         0    0         0         0
        34       242    0         0         0
        35         0    0         0         0
        36       252    0         0         0
        37         0    0         0         0
        38       250    0         0         0
        27         0    0         0         0
        28       254    0         0         0
        29         0    0         0         0
        30       264    0         0         0
        31       256    0         0         0
        32       262    0         0         0
        15       265    0         0         0
        16       266    0         0         0
        17       286    0         0         0
        18       268    0         0         0
        19         0    0         0         0
        20       276    0         0         0
        39         0    0         0         0
        40         0    0         0         0
        41         0    0         0         0
        42         0    0         0         0
        43         0    0         0         0
        44         0    0         0         0
        45         0    0         0         0
        46         0    0         0         0
        47         0    0         0         0
        48         0    0         0         0
        49         0    0         0         0
        50         0    0         0         0
        51         0    0         0         0
        52         0    0         0         0
        53         0    0         0         0
        54         0    0         0         0
       175         0    0         0         0
       176         0    0         0         0
       177         0    0         0         0
       178         0    0         0         0
       179         0    0         0         0
       180         0    0         0         0
       181         0    0         0         0
       182         0    0         0         0
       183         0    0         0         0
       184         0    0         0         0
       185         0    0         0         0
       186         0    0         0         0
       187         0    0         0         0
       188         0    0         0         0
       189         0    0         0         0
       190         0    0         0         0
       191         0    0         0         0
       192         0    0         0         0
       193         0    0         0         0
       194         0    0         0         0
       195         0    0         0         0
       160
       145        16    1 0.0000000e+000  3.8000000e-001  1.6000000e+000          0    0
       146        14    1 4.0000001e-001  3.8000000e-001  1.6000000e+000          0    0
       147         3    1 4.0000001e-001  4.0000001e-001  1.6000000e+000          0    0
       148         4    1 0.0000000e+000  4.0000001e-001  1.6000000e+000          0    0
       149         0    1 0.0000000e+000  3.8000000e-001  1.2000000e+000          0    0
       150         0    1 4.0000001e-001  3.8000000e-001  1.2000000e+000          0    0
       151         0    1 4.0000001e-001  4.0000001e-001  1.2000000e+000          0    0
       152         0    1 0.0000000e+000  4.0000001e-001  1.2000000e+000          0    0
       153         0    1 0.0000000e+000  2.0000000e-002  1.6000000e+000          0    0
       154         0    1 4.0000001e-001  2.0000000e-002  1.6000000e+000          0    0
       155         0    1 4.0000001e-001  3.8000003e-001  1.6000000e+000          0    0
       156         0    1 0.0000000e+000  3.8000003e-001  1.6000000e+000          0    0
       157         0    1 0.0000000e+000  2.0000000e-002  1.5799999e+000          0    0
       158         0    1 4.0000001e-001  2.0000000e-002  1.5799999e+000          0    0
       159         0    1 4.0000001e-001  3.8000003e-001  1.5799999e+000          0    0
       160         0    1 0.0000000e+000  3.8000003e-001  1.5799999e+000          0    0
       161         0    1 0.0000000e+000  2.0000000e-002  1.2200000e+000          0    0
       162         0    1 4.0000001e-001  2.0000000e-002  1.2200000e+000          0    0
       163         0    1 4.0000001e-001  3.8000003e-001  1.2200000e+000          0    0
       164         0    1 0.0000000e+000  3.8000003e-001  1.2200000e+000          0    0
       165         0    1 0.0000000e+000  2.0000000e-002  1.2000000e+000          0    0
       166         0    1 4.0000001e-001  2.0000000e-002  1.2000000e+000          0    0
       167         0    1 4.0000001e-001  3.8000003e-001  1.2000000e+000          0    0
       168         0    1 0.0000000e+000  3.8000003e-001  1.2000000e+000          0    0
       169        37    1 0.0000000e+000  0.0000000e+000  1.6000000e+000          0    0
       170        38    1 4.0000001e-001  0.0000000e+000  1.6000000e+000          0    0
       171        14    1 4.0000001e-001  2.0000000e-002  1.6000000e+000          0    0
       172        16    1 0.0000000e+000  2.0000000e-002  1.6000000e+000          0    0
       173         0    1 0.0000000e+000  0.0000000e+000  1.2000000e+000          0    0
       174         0    1 4.0000001e-001  0.0000000e+000  1.2000000e+000          0    0
       175         0    1 4.0000001e-001  2.0000000e-002  1.2000000e+000          0    0
       176         0    1 0.0000000e+000  2.0000000e-002  1.2000000e+000          0    0
       177        49    1 4.0000001e-001  2.0000000e-002  1.2200000e+000          0    0
       178        28    1 0.0000000e+000  2.0000000e-002  1.2200000e+000          0    0
       179        24    1 0.0000000e+000  2.0000000e-002  1.5799999e+000          0    0
       180        22    1 4.0000001e-001  2.0000000e-002  1.5799999e+000          0    0
       181        22    1 4.0000001e-001  3.8000003e-001  1.5799999e+000          0    0
       182        24    1 0.0000000e+000  3.8000000e-001  1.5799999e+000          0    0
       183        66    1 0.0000000e+000  3.8000000e-001  1.2200000e+000          0    0
       184        26    1 4.0000001e-001  3.8000003e-001  1.2200000e+000          0    0
       105        92    1 0.0000000e+000  3.8000000e-001  1.2000000e+000          0    0
       106         6    1 4.0000001e-001  3.8000000e-001  1.2000000e+000          0    0
       107         7    1 4.0000001e-001  4.0000001e-001  1.2000000e+000          0    0
       108         8    1 0.0000000e+000  4.0000001e-001  1.2000000e+000          0    0
       109         0    1 0.0000000e+000  3.8000000e-001  8.0000001e-001          0    0
       110         0    1 4.0000001e-001  3.8000000e-001  8.0000001e-001          0    0
       111         0    1 4.0000001e-001  4.0000001e-001  8.0000001e-001          0    0
       112         0    1 0.0000000e+000  4.0000001e-001  8.0000001e-001          0    0
       113         0    1 0.0000000e+000  2.0000000e-002  1.2000000e+000          0    0
       114         0    1 4.0000001e-001  2.0000000e-002  1.2000000e+000          0    0
       115         0    1 4.0000001e-001  3.8000003e-001  1.2000000e+000          0    0
       116         0    1 0.0000000e+000  3.8000003e-001  1.2000000e+000          0    0
       117         0    1 0.0000000e+000  2.0000000e-002  1.1799999e+000          0    0
       118         0    1 4.0000001e-001  2.0000000e-002  1.1799999e+000          0    0
       119         0    1 4.0000001e-001  3.8000003e-001  1.1799999e+000          0    0
       120         0    1 0.0000000e+000  3.8000003e-001  1.1799999e+000          0    0
       121         0    1 0.0000000e+000  2.0000000e-002  8.2000005e-001          0    0
       122         0    1 4.0000001e-001  2.0000000e-002  8.2000005e-001          0    0
       123         0    1 4.0000001e-001  3.8000003e-001  8.2000005e-001          0    0
       124         0    1 0.0000000e+000  3.8000003e-001  8.2000005e-001          0    0
       125         0    1 0.0000000e+000  2.0000000e-002  8.0000001e-001          0    0
       126         0    1 4.0000001e-001  2.0000000e-002  8.0000001e-001          0    0
       127         0    1 4.0000001e-001  3.8000003e-001  8.0000001e-001          0    0
       128         0    1 0.0000000e+000  3.8000003e-001  8.0000001e-001          0    0
       129        41    1 0.0000000e+000  0.0000000e+000  1.2000000e+000          0    0
       130        42    1 4.0000001e-001  0.0000000e+000  1.2000000e+000          0    0
       131        43    1 4.0000001e-001  2.0000000e-002  1.2000000e+000          0    0
       132       116    1 0.0000000e+000  2.0000000e-002  1.2000000e+000          0    0
       133         0    1 0.0000000e+000  0.0000000e+000  8.0000001e-001          0    0
       134         0    1 4.0000001e-001  0.0000000e+000  8.0000001e-001          0    0
       135         0    1 4.0000001e-001  2.0000000e-002  8.0000001e-001          0    0
       136         0    1 0.0000000e+000  2.0000000e-002  8.0000001e-001          0    0
       137       125    1 4.0000001e-001  2.0000000e-002  8.2000005e-001          0    0
       138       104    1 0.0000000e+000  2.0000000e-002  8.2000005e-001          0    0
       139       100    1 0.0000000e+000  2.0000000e-002  1.1799999e+000          0    0
       140        98    1 4.0000001e-001  2.0000000e-002  1.1799999e+000          0    0
       141        98    1 4.0000001e-001  3.8000003e-001  1.1799999e+000          0    0
       142       100    1 0.0000000e+000  3.8000000e-001  1.1799999e+000          0    0
       143       142    1 0.0000000e+000  3.8000000e-001  8.2000005e-001          0    0
       144       102    1 4.0000001e-001  3.8000003e-001  8.2000005e-001          0    0
        65       168    1 0.0000000e+000  3.8000000e-001  8.0000001e-001          0    0
        66        82    1 4.0000001e-001  3.8000000e-001  8.0000001e-001          0    0
        67        83    1 4.0000001e-001  4.0000001e-001  8.0000001e-001          0    0
        68        84    1 0.0000000e+000  4.0000001e-001  8.0000001e-001          0    0
        69         0    1 0.0000000e+000  3.8000000e-001  4.0000001e-001          0    0
        70         0    1 4.0000001e-001  3.8000000e-001  4.0000001e-001          0    0
        71         0    1 4.0000001e-001  4.0000001e-001  4.0000001e-001          0    0
        72         0    1 0.0000000e+000  4.0000001e-001  4.0000001e-001          0    0
        73         0    1 0.0000000e+000  2.0000000e-002  8.0000001e-001          0    0
        74         0    1 4.0000001e-001  2.0000000e-002  8.0000001e-001          0    0
        75         0    1 4.0000001e-001  3.8000003e-001  8.0000001e-001          0    0
        76         0    1 0.0000000e+000  3.8000003e-001  8.0000001e-001          0    0
        77         0    1 0.0000000e+000  2.0000000e-002  7.7999997e-001          0    0
        78         0    1 4.0000001e-001  2.0000000e-002  7.7999997e-001          0    0
        79         0    1 4.0000001e-001  3.8000003e-001  7.7999997e-001          0    0
        80         0    1 0.0000000e+000  3.8000003e-001  7.7999997e-001          0    0
        81         0    1 0.0000000e+000  2.0000000e-002  4.2000002e-001          0    0
        82         0    1 4.0000001e-001  2.0000000e-002  4.2000002e-001          0    0
        83         0    1 4.0000001e-001  3.8000003e-001  4.2000002e-001          0    0
        84         0    1 0.0000000e+000  3.8000003e-001  4.2000002e-001          0    0
        85         0    1 0.0000000e+000  2.0000000e-002  4.0000001e-001          0    0
        86         0    1 4.0000001e-001  2.0000000e-002  4.0000001e-001          0    0
        87         0    1 4.0000001e-001  3.8000003e-001  4.0000001e-001          0    0
        88         0    1 0.0000000e+000  3.8000003e-001  4.0000001e-001          0    0
        89       117    1 0.0000000e+000  0.0000000e+000  8.0000001e-001          0    0
        90       118    1 4.0000001e-001  0.0000000e+000  8.0000001e-001          0    0
        91       119    1 4.0000001e-001  2.0000000e-002  8.0000001e-001          0    0
        92       192    1 0.0000000e+000  2.0000000e-002  8.0000001e-001          0    0
        93         0    1 0.0000000e+000  0.0000000e+000  4.0000001e-001          0    0
        94         0    1 4.0000001e-001  0.0000000e+000  4.0000001e-001          0    0
        95         0    1 4.0000001e-001  2.0000000e-002  4.0000001e-001          0    0
        96         0    1 0.0000000e+000  2.0000000e-002  4.0000001e-001          0    0
        97       201    1 4.0000001e-001  2.0000000e-002  4.2000002e-001          0    0
        98       180    1 0.0000000e+000  2.0000000e-002  4.2000002e-001          0    0
        99       176    1 0.0000000e+000  2.0000000e-002  7.7999997e-001          0    0
       100       174    1 4.0000001e-001  2.0000000e-002  7.7999997e-001          0    0
       101       174    1 4.0000001e-001  3.8000003e-001  7.7999997e-001          0    0
       102       176    1 0.0000000e+000  3.8000000e-001  7.7999997e-001          0    0
       103       218    1 0.0000000e+000  3.8000000e-001  4.2000002e-001          0    0
       104       178    1 4.0000001e-001  3.8000003e-001  4.2000002e-001          0    0
        33       244    1 0.0000000e+000  3.8000000e-001  4.0000001e-001          0    0
        34       158    1 4.0000001e-001  3.8000000e-001  4.0000001e-001          0    0
        35       159    1 4.0000001e-001  4.0000001e-001  4.0000001e-001          0    0
        36       160    1 0.0000000e+000  4.0000001e-001  4.0000001e-001          0    0
        37       264    1 0.0000000e+000  3.8000000e-001  0.0000000e+000          0    0
        38       262    1 4.0000001e-001  3.8000000e-001  0.0000000e+000          0    0
        39       235    1 4.0000001e-001  4.0000001e-001  0.0000000e+000          0    0
        40       236    1 0.0000000e+000  4.0000001e-001  0.0000000e+000          0    0
        49         0    1 0.0000000e+000  2.0000000e-002  4.0000001e-001          0    0
        50         0    1 4.0000001e-001  2.0000000e-002  4.0000001e-001          0    0
        51         0    1 4.0000001e-001  3.8000003e-001  4.0000001e-001          0    0
        52         0    1 0.0000000e+000  3.8000003e-001  4.0000001e-001          0    0
        53         0    1 0.0000000e+000  2.0000000e-002  3.8000000e-001          0    0
        54         0    1 4.0000001e-001  2.0000000e-002  3.8000000e-001          0    0
        55         0    1 4.0000001e-001  3.8000003e-001  3.8000000e-001          0    0
        56         0    1 0.0000000e+000  3.8000003e-001  3.8000000e-001          0    0
        41         0    1 0.0000000e+000  2.0000000e-002  2.0000000e-002          0    0
        42         0    1 4.0000001e-001  2.0000000e-002  2.0000000e-002          0    0
        43         0    1 4.0000001e-001  3.8000003e-001  2.0000000e-002          0    0
        44         0    1 0.0000000e+000  3.8000003e-001  2.0000000e-002          0    0
        45         0    1 0.0000000e+000  2.0000000e-002  0.0000000e+000          0    0
        46         0    1 4.0000001e-001  2.0000000e-002  0.0000000e+000          0    0
        47         0    1 4.0000001e-001  3.8000003e-001  0.0000000e+000          0    0
        48         0    1 0.0000000e+000  3.8000003e-001  0.0000000e+000          0    0
        25       193    1 0.0000000e+000  0.0000000e+000  4.0000001e-001          0    0
        26       194    1 4.0000001e-001  0.0000000e+000  4.0000001e-001          0    0
        27       195    1 4.0000001e-001  2.0000000e-002  4.0000001e-001          0    0
        28       268    1 0.0000000e+000  2.0000000e-002  4.0000001e-001          0    0
        29       269    1 0.0000000e+000  0.0000000e+000  0.0000000e+000          0    0
        30       270    1 4.0000001e-001  0.0000000e+000  0.0000000e+000          0    0
        31       262    1 4.0000001e-001  2.0000000e-002  0.0000000e+000          0    0
        32       264    1 0.0000000e+000  2.0000000e-002  0.0000000e+000          0    0
        57       254    1 4.0000001e-001  2.0000000e-002  2.0000000e-002          0    0
        58       256    1 0.0000000e+000  2.0000000e-002  2.0000000e-002          0    0
        59       252    1 0.0000000e+000  2.0000000e-002  3.8000000e-001          0    0
        60       250    1 4.0000001e-001  2.0000000e-002  3.8000000e-001          0    0
        61       250    1 4.0000001e-001  3.8000003e-001  3.8000000e-001          0    0
        62       252    1 0.0000000e+000  3.8000000e-001  3.8000000e-001          0    0
        63       256    1 0.0000000e+000  3.8000000e-001  2.0000000e-002          0    0
        64       254    1 4.0000001e-001  3.8000003e-001  2.0000000e-002          0    0
         0
         0
         2    0
         0         0         0
