Mod4.0:SYMBOLICC 
         3
7 Drawer1          6          2
        31
        85         5         1         2         5         1    2         0         0
        86         5         2         3         6         2    3         0         0
        87         5         3         4         7         3    4         0         0
        88         5        11        25        15         4   17         0         0
        89         4         1        25         9         5    1         0         0
        90         1         2         1        10         6    2         0         0
        91         2         3         2        11         7    3         0         0
        92         3         9         3        23         8    4         0         0
        93         1         6         6        26         5    6         0         0
        94         2         6         7         9         6    7         0         0
        95         3         6         8        10         7    8         0         0
        96        12         6        21        11         8   18         0         0
        61        11         7         4        17         9   17         0         0
        62         0        16        15        28        10   11         0         0
        63        11         9        16         8         4   12         0         0
        64        11        10        13        20        12    9         0         0
        65        10         7        16        21        13    9         0         0
        66         0        13        13        29        14   10         0         0
        67         0        15        23        31        11   15         0         0
        68         9        10        15        24        16   12         0         0
        69         7        12        27        24        13   18         0         0
        70         0        14        21        30        15   14         0         0
        71         9        12        20        12         8   16         0         0
        72        10        12        17        23        16   13         0         0
       109         5         4         1        27        17    1         0         0
       110         4         6         5        12        18    5         0         0
       111         4         7        26        13        17   18         0         0
       112         0         7         4        13        10   17         0         0
       113         0        12        27        21        14   18         0         0
       114         0         9        12        23        15    8         0         0
       115         0        11         8        15        11    4         0         0
        16
        43         1    0         0         0
        44         2    0         0         0
        45         3    0         0         0
        46        27    0         0         0
        47         1    0         0         0
        48        12    0         0         0
        31        13    0         0         0
        32         0    0         0         0
        33        23    0         0         0
        34        16    0         0         0
        35        15    0         0         0
        36        21    0         0         0
        55         0    0         0         0
        56         0    0         0         0
        57         0    0         0         0
        58         0    0         0         0
        18
        57        25    1 7.7999997e-001  0.0000000e+000  6.7499995e-001          0    0
        58         2    1 7.9999995e-001  0.0000000e+000  6.7499995e-001          0    0
        59         3    1 7.9999995e-001  8.9999992e-001  6.7499995e-001          0    0
        60        15    1 7.7999997e-001  8.9999992e-001  6.7499995e-001          0    0
        61        26    1 7.7999997e-001  0.0000000e+000  4.4999999e-001          0    0
        62         6    1 7.9999995e-001  0.0000000e+000  4.4999999e-001          0    0
        63         7    1 7.9999995e-001  8.9999992e-001  4.4999999e-001          0    0
        64        23    1 7.7999997e-001  8.9999992e-001  4.4999999e-001          0    0
        41        13    1 2.0000000e-001  3.9999992e-002  6.7499995e-001          0    0
        42         0    1 7.7999997e-001  3.9999992e-002  6.7499995e-001          0    0
        43         0    1 7.7999997e-001  8.9999992e-001  6.7499995e-001          0    0
        44        16    1 2.0000000e-001  8.9999992e-001  6.7499995e-001          0    0
        45        17    1 2.0000000e-001  3.9999992e-002  4.4999999e-001          0    0
        46         0    1 7.7999997e-001  3.9999992e-002  4.4999999e-001          0    0
        47         0    1 7.7999997e-001  8.9999992e-001  4.4999999e-001          0    0
        48        20    1 2.0000000e-001  8.9999992e-001  4.4999999e-001          0    0
        73        13    1 7.7999997e-001  3.9999992e-002  6.7499995e-001          0    0
        74        21    1 7.7999997e-001  3.9999992e-002  4.4999999e-001          0    0
         0
         0
7 Drawer2          7          2
        31
        97         5         1         2         5         1    2         0         0
        98         5         2         3         6         2    3         0         0
        99         5         3         4         7         3    4         0         0
       100         5         4        25         8         4   17         0         0
       101         7         1        13         9         5    1         0         0
       102         1         2         1        10         6    2         0         0
       103         2         3         2        11         7    3         0         0
       104         3         4         3        12         8    4         0         0
       105         1         6         6        26         5    6         0         0
       106         2         6         7         9         6    7         0         0
       107         3         6         8        10         7    8         0         0
       108         4         6        27        11         8   18         0         0
        73        11         7        25        17         9    1         0         0
        74         0        16        15        28        10   11         0         0
        75        11         9        16        27        17   12         0         0
        76        11        10        13        20        12    9         0         0
        77        10         7        16        21        13    9         0         0
        78         0        13        13        29        14   10         0         0
        79         0        15        23        31        11   15         0         0
        80         9        10        15        24        16   12         0         0
        81         7        12         5        24        13    5         0         0
        82         0        14        21        30        15   14         0         0
        83         9        12        20        26        18   16         0         0
        84        10        12        17        23        16   13         0         0
       116         5        11         1        15        17    1         0         0
       117        12         6        21        12        18    5         0         0
       118         4         9         4        23        18   17         0         0
       119         0         7        25        13        10    1         0         0
       120         0        12         5        21        14    5         0         0
       121         0         9        26        23        15   18         0         0
       122         0        11        27        15        11   17         0         0
        16
        49         1    0         0         0
        50         2    0         0         0
        51         3    0         0         0
        52        27    0         0         0
        53         1    0         0         0
        54        12    0         0         0
        37        13    0         0         0
        38         0    0         0         0
        39        23    0         0         0
        40        16    0         0         0
        41        15    0         0         0
        42        21    0         0         0
        59         0    0         0         0
        60         0    0         0         0
        61         0    0         0         0
        62         0    0         0         0
        18
        65        13    1 7.7999997e-001  8.9999998e-001  6.7499995e-001          0    0
        66         2    1 7.9999995e-001  8.9999998e-001  6.7499995e-001          0    0
        67         3    1 7.9999995e-001  1.8000000e+000  6.7499995e-001          0    0
        68         4    1 7.7999997e-001  1.8000000e+000  6.7499995e-001          0    0
        69        21    1 7.7999997e-001  8.9999998e-001  4.4999999e-001          0    0
        70         6    1 7.9999995e-001  8.9999998e-001  4.4999999e-001          0    0
        71         7    1 7.9999995e-001  1.8000000e+000  4.4999999e-001          0    0
        72         8    1 7.7999997e-001  1.8000000e+000  4.4999999e-001          0    0
        49        13    1 2.0000000e-001  9.0000004e-001  6.7499995e-001          0    0
        50         0    1 7.7999997e-001  9.0000004e-001  6.7499995e-001          0    0
        51         0    1 7.7999997e-001  1.7600000e+000  6.7499995e-001          0    0
        52        16    1 2.0000000e-001  1.7600000e+000  6.7499995e-001          0    0
        53        17    1 2.0000000e-001  9.0000004e-001  4.4999999e-001          0    0
        54         0    1 7.7999997e-001  9.0000004e-001  4.4999999e-001          0    0
        55         0    1 7.7999997e-001  1.7600000e+000  4.4999999e-001          0    0
        56        20    1 2.0000000e-001  1.7600000e+000  4.4999999e-001          0    0
        75        15    1 7.7999997e-001  1.7600000e+000  6.7499995e-001          0    0
        76        23    1 7.7999997e-001  1.7600000e+000  4.4999999e-001          0    0
         0
         0
5 Table          1          1
        94
       123         0        46         5        91         2    1         0         0
       124         0        43         6        92         3    2         0         0
       125         0        44         7        93         4    3         0         0
       126         0        45         8        94         1    4         0         0
       127         4         1        88         9         5   53         0         0
       128         1         2        89        10         6   54         0         0
       129         2         3        90        11         7   51         0         0
       130         3         4        86        12         8   52         0         0
       131         1         6         6        12         5    6         0         0
       132         2         6         7         9         6    7         0         0
       133         3         6         8        10         7    8         0         0
       134         4         6         5        11         8    5         0         0
        37         0        36         5        70         2    1         0         0
        38         0        33         6        71         3    2         0         0
        39         0        34         7        72         4    3         0         0
        40         0        35         8        73         1    4         0         0
        41        10         7        60        21        13   48         0         0
        42         7         8        79        22        14   49         0         0
        43         8         9        81        23        15   50         0         0
        44         9        10        80        24        16   40         0         0
        45         7        12        18        24        13   14         0         0
        46         8        12        19        21        14   15         0         0
        47         9        12        20        22        15   16         0         0
        48        10        12        17        23        16   13         0         0
        25         0        26         5        50         2    1         0         0
        26         0        23         6        51         3    2         0         0
        27         0        24         7        52         4    3         0         0
        28         0        25         8        53         1    4         0         0
        29        16        13        73        33        21   44         0         0
        30        13        14        69        34        22   45         0         0
        31        14        15        71        35        23   46         0         0
        32        15        16        72        36        24   47         0         0
        33        13        18        30        36        21   22         0         0
        34        14        18        31        33        22   23         0         0
        35        15        18        32        34        23   24         0         0
        36        16        18        29        35        24   21         0         0
        13         0        16         5        29         2    1         0         0
        14         0        13         6        30         3    2         0         0
        15         0        14         7        31         4    3         0         0
        16         0        15         8        32         1    4         0         0
        17        22        19        63        45        29   37         0         0
        18        19        20        57        46        30   41         0         0
        19        20        21        62        47        31   42         0         0
        20        21        22        64        48        32   43         0         0
        21        19        24        42        48        29   30         0         0
        22        20        24        43        45        30   31         0         0
        23        21        24        44        46        31   32         0         0
        24        22        24        41        47        32   29         0         0
         1        29        25        50        53        33   34         0         0
         2        29        26        51        54        34   35         0         0
         3        29        27        52        55        35   36         0         0
         4        29        28        49        56        36   33         0         0
         5        28        25        52        57        37   33         0         0
         6        25        26        49        58        38   34         0         0
         7        26        27        50        59        39   35         0         0
         8        27        28        51        60        40   36         0         0
         9        25        19        61        41        37   41         0         0
        10        26        30        55        70        38   39         0         0
        11        27        30        86        58        39   51         0         0
        12        28        10        78        20        40   48         0         0
       135        25        30        69        62        41   44         0         0
       136        30        20        64        42        41   42         0         0
       137        28        22        53        44        43   37         0         0
       138        30        21        78        43        42   43         0         0
       139         0         2        21         6         2   17         0         0
       140         0         3        26         7         3   18         0         0
       141         0         4        28         8         4   19         0         0
       142         0         1        27         5         1   13         0         0
       143        25        13        70        29        44   45         0         0
       144        25        30        54        71        45   38         0         0
       145        30        14        72        30        45   46         0         0
       146        30        15        73        31        46   47         0         0
       147        30        16        61        32        47   44         0         0
       148         0         2        45         6         2   29         0         0
       149         0         3        47         7         3   30         0         0
       150         0         4        48         8         4   31         0         0
       151         0         1        49         5         1   28         0         0
       152        28        30        63        79        48   43         0         0
       153        30         7        81        17        48   49         0         0
       154        27         9        56        19        50   40         0         0
       155        30         8        87        18        49   50         0         0
       156         0         2        67         6         2   41         0         0
       157         0         3        69         7         3   42         0         0
       158         0         4        68         8         4   32         0         0
       159         0         1        48         5         1   40         0         0
       160        27         3        87         7        51   52         0         0
       161        27        30        80        88        52   50         0         0
       162        30         4        89         8        52   53         0         0
       163        30         1        90         5        53   54         0         0
       164        30         2        59         6        54   51         0         0
       165         0         2        89         6         2   54         0         0
       166         0         3        90         7         3   51         0         0
       167         0         4        86         8         4   52         0         0
       168         0         1        88         5         1   53         0         0
        46
        63         5    0         0         0
        64         6    0         0         0
        65         7    0         0         0
        66         8    0         0         0
        67         0    0         0         0
        68        12    0         0         0
        19        17    0         0         0
        20        18    0         0         0
        21        19    0         0         0
        22        20    0         0         0
        23         0    0         0         0
        24        24    0         0         0
        13        29    0         0         0
        14        30    0         0         0
        15        31    0         0         0
        16        32    0         0         0
        17         0    0         0         0
        18        36    0         0         0
         7        41    0         0         0
         8        42    0         0         0
         9        43    0         0         0
        10        44    0         0         0
        11         0    0         0         0
        12        48    0         0         0
         1        49    0         0         0
         2        50    0         0         0
         3        51    0         0         0
         4        52    0         0         0
         5        49    0         0         0
         6        90    0         0         0
        69         0    0         0         0
        70         0    0         0         0
        71         0    0         0         0
        72         0    0         0         0
        73         0    0         0         0
        74         0    0         0         0
        75         0    0         0         0
        76         0    0         0         0
        77         0    0         0         0
        78         0    0         0         0
        79         0    0         0         0
        80         0    0         0         0
        81         0    0         0         0
        82         0    0         0         0
        83         0    0         0         0
        84         0    0         0         0
        54
        77         0    1 7.4000001e-001  1.7600000e+000  6.7500001e-001          0    0
        78         0    1 7.8000003e-001  1.7600000e+000  6.7500001e-001          0    0
        79         0    1 7.8000003e-001  1.8000000e+000  6.7500001e-001          0    0
        80         0    1 7.4000001e-001  1.8000000e+000  6.7500001e-001          0    0
        81         5    1 7.4000001e-001  1.7600000e+000  0.0000000e+000          0    0
        82         6    1 7.8000003e-001  1.7600000e+000  0.0000000e+000          0    0
        83         7    1 7.8000003e-001  1.8000000e+000  0.0000000e+000          0    0
        84         8    1 7.4000001e-001  1.8000000e+000  0.0000000e+000          0    0
        25         0    1 0.0000000e+000  1.7600000e+000  6.7500001e-001          0    0
        26         0    1 3.9999999e-002  1.7600000e+000  6.7500001e-001          0    0
        27         0    1 3.9999999e-002  1.8000000e+000  6.7500001e-001          0    0
        28         0    1 0.0000000e+000  1.8000000e+000  6.7500001e-001          0    0
        29        17    1 0.0000000e+000  1.7600000e+000  0.0000000e+000          0    0
        30        18    1 3.9999999e-002  1.7600000e+000  0.0000000e+000          0    0
        31        19    1 3.9999999e-002  1.8000000e+000  0.0000000e+000          0    0
        32        20    1 0.0000000e+000  1.8000000e+000  0.0000000e+000          0    0
        17         0    1 7.4000001e-001  0.0000000e+000  6.7500001e-001          0    0
        18         0    1 7.8000003e-001  0.0000000e+000  6.7500001e-001          0    0
        19         0    1 7.8000003e-001  3.9999999e-002  6.7500001e-001          0    0
        20         0    1 7.4000001e-001  3.9999999e-002  6.7500001e-001          0    0
        21        29    1 7.4000001e-001  0.0000000e+000  0.0000000e+000          0    0
        22        30    1 7.8000003e-001  0.0000000e+000  0.0000000e+000          0    0
        23        31    1 7.8000003e-001  3.9999999e-002  0.0000000e+000          0    0
        24        32    1 7.4000001e-001  3.9999999e-002  0.0000000e+000          0    0
         9         0    1 0.0000000e+000  0.0000000e+000  6.7500001e-001          0    0
        10         0    1 3.9999999e-002  0.0000000e+000  6.7500001e-001          0    0
        11         0    1 3.9999999e-002  3.9999999e-002  6.7500001e-001          0    0
        12         0    1 0.0000000e+000  3.9999999e-002  6.7500001e-001          0    0
        13        41    1 0.0000000e+000  0.0000000e+000  0.0000000e+000          0    0
        14        42    1 3.9999999e-002  0.0000000e+000  0.0000000e+000          0    0
        15        43    1 3.9999999e-002  3.9999999e-002  0.0000000e+000          0    0
        16        44    1 0.0000000e+000  3.9999999e-002  0.0000000e+000          0    0
         1        49    1 0.0000000e+000  0.0000000e+000  6.9999999e-001          0    0
         2        50    1 8.0000001e-001  0.0000000e+000  6.9999999e-001          0    0
         3        51    1 8.0000001e-001  1.8000000e+000  6.9999999e-001          0    0
         4        52    1 0.0000000e+000  1.8000000e+000  6.9999999e-001          0    0
         5        41    1 0.0000000e+000  0.0000000e+000  6.7500001e-001          0    0
         6        70    1 8.0000001e-001  0.0000000e+000  6.7500001e-001          0    0
         7        55    1 8.0000001e-001  1.8000000e+000  6.7500001e-001          0    0
         8        20    1 0.0000000e+000  1.8000000e+000  6.7500001e-001          0    0
        85        42    1 3.9999999e-002  0.0000000e+000  6.7500001e-001          0    0
        86        43    1 3.9999999e-002  3.9999999e-002  6.7500001e-001          0    0
        87        78    1 0.0000000e+000  3.9999999e-002  6.7500001e-001          0    0
        88        29    1 7.4000001e-001  0.0000000e+000  6.7500001e-001          0    0
        89        30    1 7.8000003e-001  0.0000000e+000  6.7500001e-001          0    0
        90        31    1 7.8000003e-001  3.9999999e-002  6.7500001e-001          0    0
        91        32    1 7.4000001e-001  3.9999999e-002  6.7500001e-001          0    0
        92        17    1 0.0000000e+000  1.7600000e+000  6.7500001e-001          0    0
        93        18    1 3.9999999e-002  1.7600000e+000  6.7500001e-001          0    0
        94        87    1 3.9999999e-002  1.8000000e+000  6.7500001e-001          0    0
        95         7    1 7.8000003e-001  1.8000000e+000  6.7500001e-001          0    0
        96         8    1 7.4000001e-001  1.8000000e+000  6.7500001e-001          0    0
        97         5    1 7.4000001e-001  1.7600000e+000  6.7500001e-001          0    0
        98         6    1 7.8000003e-001  1.7600000e+000  6.7500001e-001          0    0
         0
         0
         1    0
         1         0         7
 1.0000000e+000  0.0000000e+000  0.0000000e+000
 0.0000000e+000  1.0000000e+000  0.0000000e+000
 0.0000000e+000  0.0000000e+000  1.0000000e+000
 0.0000000e+000  0.0000000e+000  0.0000000e+000
         0
         1         0         0
 1.0000000e+000  0.0000000e+000  0.0000000e+000
 0.0000000e+000  1.0000000e+000  0.0000000e+000
 0.0000000e+000  0.0000000e+000  1.0000000e+000
 0.0000000e+000  0.0000000e+000  0.0000000e+000
         0
         0         6         0
